500000 8195
510000 8313
520000 8477
530000 8266
540000 8350
550000 8417
560000 8329
570000 8429
580000 8474
590000 8465
600000 8630
610000 8667
620000 8737
630000 8697
640000 8805
650000 9028
660000 8818
670000 8777
680000 9023
690000 9081
700000 8960
710000 8744
720000 9114
730000 9279
740000 9026
750000 9169
760000 9118
770000 9124
780000 8984
790000 9263
800000 9208
810000 9141
820000 9177
830000 9264
840000 9150
850000 9104
860000 9277
870000 9440
880000 9378
890000 9337
900000 9197
910000 9320
920000 9374
930000 9495
940000 9254
950000 9412
960000 9486
970000 9521
980000 9727
990000 9443
1000000 10012