1000000 11029
500000 8530
510000 8634
520000 8668
530000 8573
540000 8712
550000 8857
560000 8745
570000 8732
580000 8671
590000 8674
600000 9097
610000 9326
620000 9334
630000 9336
640000 9372
650000 9785
660000 9230
670000 8936
680000 9916
690000 9713
700000 9743
710000 9033
720000 9971
730000 9747
740000 9512
750000 10170
760000 9369
770000 9039
780000 9074
790000 9468
800000 9588
810000 9440
820000 9331
830000 8858
840000 9023
850000 9210
860000 9259
870000 9404
880000 9465
890000 9204
900000 9298
910000 9162
920000 9082
930000 9564
940000 9055
950000 9445
960000 9273
970000 9609
980000 9945
990000 9296
