1000000 10215
500000 8165
510000 8380
520000 8475
530000 8546
540000 8314
550000 8559
560000 8240
570000 8111
580000 8424
590000 8466
600000 8554
610000 8579
620000 8872
630000 8740
640000 8687
650000 8887
660000 8356
670000 8988
680000 8775
690000 9045
700000 9060
710000 8574
720000 9017
730000 9241
740000 9416
750000 8688
760000 9069
770000 8990
780000 9033
790000 9581
800000 9614
810000 8948
820000 9003
830000 9691
840000 9052
850000 9016
860000 9537
870000 9382
880000 9433
890000 9498
900000 9432
910000 9068
920000 9564
930000 9448
940000 9100
950000 9600
960000 9328
970000 10073
980000 10383
990000 8978
