1000000 9404
500000 7959
510000 8290
520000 8530
530000 7979
540000 7873
550000 8027
560000 8221
570000 8482
580000 8299
590000 8427
600000 8634
610000 8324
620000 8345
630000 8370
640000 8798
650000 9098
660000 8495
670000 8734
680000 8952
690000 8929
700000 8943
710000 8596
720000 9131
730000 9153
740000 8678
750000 8838
760000 9505
770000 9359
780000 9033
790000 9097
800000 8747
810000 9175
820000 9054
830000 9274
840000 9200
850000 9019
860000 8931
870000 9807
880000 9514
890000 9149
900000 9029
910000 9360
920000 9298
930000 9589
940000 9372
950000 9170
960000 9446
970000 9511
980000 9493
990000 9217
