1000000 10158
500000 8326
510000 7989
520000 8505
530000 8245
540000 8522
550000 8567
560000 8073
570000 8490
580000 8107
590000 8136
600000 8377
610000 8287
620000 8260
630000 8515
640000 8793
650000 8487
660000 8796
670000 8878
680000 9061
690000 8868
700000 8533
710000 8649
720000 8573
730000 9350
740000 8888
750000 9138
760000 8833
770000 9110
780000 9068
790000 9112
800000 9249
810000 9182
820000 9229
830000 9420
840000 9214
850000 9134
860000 9301
870000 9379
880000 9167
890000 9490
900000 9025
910000 9382
920000 9640
930000 9377
940000 9481
950000 9389
960000 9746
970000 9299
980000 9585
990000 10058
