1000000 9255
500000 7999
510000 8273
520000 8211
530000 7987
540000 8330
550000 8076
560000 8370
570000 8332
580000 8870
590000 8623
600000 8488
610000 8823
620000 8878
630000 8525
640000 8376
650000 8883
660000 9217
670000 8352
680000 8411
690000 8854
700000 8523
710000 8870
720000 8882
730000 8906
740000 8638
750000 9015
760000 8814
770000 9124
780000 8716
790000 9057
800000 8843
810000 8962
820000 9271
830000 9078
840000 9263
850000 9143
860000 9358
870000 9228
880000 9312
890000 9346
900000 9205
910000 9630
920000 9288
930000 9497
940000 9262
950000 9459
960000 9638
970000 9114
980000 9229
990000 9666
